Title: * low pass filter 10khz
Date: Sun Dec 22 02:41:46  2024
Plotname: AC Analysis
Flags: complex
No. Variables: 2
No. Points: 501
Variables:
	0	frequency	frequency grid=3
	1	v(vout+)	voltage
Values:
 0	1.000000000000000e+00,0.000000000000000e+00
	9.999999898935251e-01,-1.005309638988597e-04

 1	1.023292992280754e+00,0.000000000000000e+00
	9.999999894172218e-01,-1.028726308159340e-04

 2	1.047128548050899e+00,0.000000000000000e+00
	9.999999889184708e-01,-1.052688421589275e-04

 3	1.071519305237606e+00,0.000000000000000e+00
	9.999999883962143e-01,-1.077208684304814e-04

 4	1.096478196143185e+00,0.000000000000000e+00
	9.999999878493449e-01,-1.102300097270273e-04

 5	1.122018454301963e+00,0.000000000000000e+00
	9.999999872767021e-01,-1.127975964281137e-04

 6	1.148153621496882e+00,0.000000000000000e+00
	9.999999866770715e-01,-1.154249899017890e-04

 7	1.174897554939529e+00,0.000000000000000e+00
	9.999999860491812e-01,-1.181135832264151e-04

 8	1.202264434617413e+00,0.000000000000000e+00
	9.999999853916995e-01,-1.208648019292938e-04

 9	1.230268770812381e+00,0.000000000000000e+00
	9.999999847032314e-01,-1.236801047424979e-04

 10	1.258925411794167e+00,0.000000000000000e+00
	9.999999839823169e-01,-1.265609843763081e-04

 11	1.288249551693134e+00,0.000000000000000e+00
	9.999999832274269e-01,-1.295089683106651e-04

 12	1.318256738556407e+00,0.000000000000000e+00
	9.999999824369599e-01,-1.325256196050567e-04

 13	1.348962882591653e+00,0.000000000000000e+00
	9.999999816092392e-01,-1.356125377272702e-04

 14	1.380384264602885e+00,0.000000000000000e+00
	9.999999807425094e-01,-1.387713594014477e-04

 15	1.412537544622754e+00,0.000000000000000e+00
	9.999999798349318e-01,-1.420037594758959e-04

 16	1.445439770745927e+00,0.000000000000000e+00
	9.999999788845816e-01,-1.453114518111092e-04

 17	1.479108388168207e+00,0.000000000000000e+00
	9.999999778894426e-01,-1.486961901884772e-04

 18	1.513561248436208e+00,0.000000000000000e+00
	9.999999768474042e-01,-1.521597692401586e-04

 19	1.548816618912481e+00,0.000000000000000e+00
	9.999999757562560e-01,-1.557040254006148e-04

 20	1.584893192461113e+00,0.000000000000000e+00
	9.999999746136835e-01,-1.593308378803066e-04

 21	1.621810097358929e+00,0.000000000000000e+00
	9.999999734172632e-01,-1.630421296620717e-04

 22	1.659586907437560e+00,0.000000000000000e+00
	9.999999721644575e-01,-1.668398685207101e-04

 23	1.698243652461743e+00,0.000000000000000e+00
	9.999999708526088e-01,-1.707260680663183e-04

 24	1.737800828749374e+00,0.000000000000000e+00
	9.999999694789345e-01,-1.747027888119258e-04

 25	1.778279410038922e+00,0.000000000000000e+00
	9.999999680405213e-01,-1.787721392660000e-04

 26	1.819700858609982e+00,0.000000000000000e+00
	9.999999665343173e-01,-1.829362770503975e-04

 27	1.862087136662866e+00,0.000000000000000e+00
	9.999999649571286e-01,-1.871974100443566e-04

 28	1.905460717963246e+00,0.000000000000000e+00
	9.999999633056089e-01,-1.915577975551355e-04

 29	1.949844599758044e+00,0.000000000000000e+00
	9.999999615762555e-01,-1.960197515159181e-04

 30	1.995262314968878e+00,0.000000000000000e+00
	9.999999597654003e-01,-2.005856377116222e-04

 31	2.041737944669527e+00,0.000000000000000e+00
	9.999999578692020e-01,-2.052578770332594e-04

 32	2.089296130854037e+00,0.000000000000000e+00
	9.999999558836388e-01,-2.100389467615135e-04

 33	2.137962089502230e+00,0.000000000000000e+00
	9.999999538044990e-01,-2.149313818802148e-04

 34	2.187761623949550e+00,0.000000000000000e+00
	9.999999516273722e-01,-2.199377764204099e-04

 35	2.238721138568337e+00,0.000000000000000e+00
	9.999999493476405e-01,-2.250607848357385e-04

 36	2.290867652767770e+00,0.000000000000000e+00
	9.999999469604686e-01,-2.303031234098447e-04

 37	2.344228815319919e+00,0.000000000000000e+00
	9.999999444607924e-01,-2.356675716965711e-04

 38	2.398832919019488e+00,0.000000000000000e+00
	9.999999418433106e-01,-2.411569739936994e-04

 39	2.454708915685027e+00,0.000000000000000e+00
	9.999999391024703e-01,-2.467742408510158e-04

 40	2.511886431509577e+00,0.000000000000000e+00
	9.999999362324584e-01,-2.525223506135053e-04

 41	2.570395782768860e+00,0.000000000000000e+00
	9.999999332271869e-01,-2.584043510004882e-04

 42	2.630267991895378e+00,0.000000000000000e+00
	9.999999300802814e-01,-2.644233607215405e-04

 43	2.691534803926912e+00,0.000000000000000e+00
	9.999999267850669e-01,-2.705825711300507e-04

 44	2.754228703338163e+00,0.000000000000000e+00
	9.999999233345537e-01,-2.768852479152933e-04

 45	2.818382931264450e+00,0.000000000000000e+00
	9.999999197214228e-01,-2.833347328339134e-04

 46	2.884031503126602e+00,0.000000000000000e+00
	9.999999159380103e-01,-2.899344454817415e-04

 47	2.951209226666381e+00,0.000000000000000e+00
	9.999999119762912e-01,-2.966878851068783e-04

 48	3.019951720402012e+00,0.000000000000000e+00
	9.999999078278619e-01,-3.035986324650085e-04

 49	3.090295432513586e+00,0.000000000000000e+00
	9.999999034839232e-01,-3.106703517179304e-04

 50	3.162277660168374e+00,0.000000000000000e+00
	9.999998989352612e-01,-3.179067923763046e-04

 51	3.235936569296277e+00,0.000000000000000e+00
	9.999998941722272e-01,-3.253117912876538e-04

 52	3.311311214825905e+00,0.000000000000000e+00
	9.999998891847185e-01,-3.328892746706671e-04

 53	3.388441561392020e+00,0.000000000000000e+00
	9.999998839621558e-01,-3.406432601968858e-04

 54	3.467368504525310e+00,0.000000000000000e+00
	9.999998784934615e-01,-3.485778591208767e-04

 55	3.548133892335748e+00,0.000000000000000e+00
	9.999998727670353e-01,-3.566972784600202e-04

 56	3.630780547701007e+00,0.000000000000000e+00
	9.999998667707312e-01,-3.650058232250693e-04

 57	3.715352290971718e+00,0.000000000000000e+00
	9.999998604918302e-01,-3.735078987026616e-04

 58	3.801893963205605e+00,0.000000000000000e+00
	9.999998539170136e-01,-3.822080127909955e-04

 59	3.890451449942799e+00,0.000000000000000e+00
	9.999998470323357e-01,-3.911107783899063e-04

 60	3.981071705534965e+00,0.000000000000000e+00
	9.999998398231930e-01,-4.002209158466120e-04

 61	4.073802778041119e+00,0.000000000000000e+00
	9.999998322742938e-01,-4.095432554584222e-04

 62	4.168693834703346e+00,0.000000000000000e+00
	9.999998243696261e-01,-4.190827400337397e-04

 63	4.265795188015918e+00,0.000000000000000e+00
	9.999998160924231e-01,-4.288444275127100e-04

 64	4.365158322401651e+00,0.000000000000000e+00
	9.999998074251277e-01,-4.388334936489077e-04

 65	4.466835921509622e+00,0.000000000000000e+00
	9.999997983493556e-01,-4.490552347534842e-04

 66	4.570881896148741e+00,0.000000000000000e+00
	9.999997888458554e-01,-4.595150705032269e-04

 67	4.677351412871972e+00,0.000000000000000e+00
	9.999997788944693e-01,-4.702185468140214e-04

 68	4.786300923226373e+00,0.000000000000000e+00
	9.999997684740891e-01,-4.811713387812383e-04

 69	4.897788193684452e+00,0.000000000000000e+00
	9.999997575626117e-01,-4.923792536886036e-04

 70	5.011872336272712e+00,0.000000000000000e+00
	9.999997461368927e-01,-5.038482340871457e-04

 71	5.128613839913638e+00,0.000000000000000e+00
	9.999997341726961e-01,-5.155843609458549e-04

 72	5.248074602497715e+00,0.000000000000000e+00
	9.999997216446448e-01,-5.275938568757195e-04

 73	5.370317963702516e+00,0.000000000000000e+00
	9.999997085261648e-01,-5.398830894288515e-04

 74	5.495408738576233e+00,0.000000000000000e+00
	9.999996947894304e-01,-5.524585744744483e-04

 75	5.623413251903478e+00,0.000000000000000e+00
	9.999996804053041e-01,-5.653269796533807e-04

 76	5.754399373371556e+00,0.000000000000000e+00
	9.999996653432750e-01,-5.784951279132356e-04

 77	5.888436553555876e+00,0.000000000000000e+00
	9.999996495713950e-01,-5.919700011256893e-04

 78	6.025595860743564e+00,0.000000000000000e+00
	9.999996330562098e-01,-6.057587437881265e-04

 79	6.165950018614807e+00,0.000000000000000e+00
	9.999996157626883e-01,-6.198686668114663e-04

 80	6.309573444801917e+00,0.000000000000000e+00
	9.999995976541490e-01,-6.343072513962048e-04

 81	6.456542290346539e+00,0.000000000000000e+00
	9.999995786921813e-01,-6.490821529987228e-04

 82	6.606934480075944e+00,0.000000000000000e+00
	9.999995588365640e-01,-6.642012053899669e-04

 83	6.760829753919801e+00,0.000000000000000e+00
	9.999995380451815e-01,-6.796724248086469e-04

 84	6.918309709189348e+00,0.000000000000000e+00
	9.999995162739321e-01,-6.955040142111576e-04

 85	7.079457843841362e+00,0.000000000000000e+00
	9.999994934766366e-01,-7.117043676204685e-04

 86	7.244359600749883e+00,0.000000000000000e+00
	9.999994696049385e-01,-7.282820745762920e-04

 87	7.413102413009157e+00,0.000000000000000e+00
	9.999994446082032e-01,-7.452459246888838e-04

 88	7.585775750291819e+00,0.000000000000000e+00
	9.999994184334094e-01,-7.626049122988874e-04

 89	7.762471166286898e+00,0.000000000000000e+00
	9.999993910250371e-01,-7.803682412456942e-04

 90	7.943282347242794e+00,0.000000000000000e+00
	9.999993623249497e-01,-7.985453297468404e-04

 91	8.128305161640972e+00,0.000000000000000e+00
	9.999993322722706e-01,-8.171458153910285e-04

 92	8.317637711026689e+00,0.000000000000000e+00
	9.999993008032541e-01,-8.361795602474156e-04

 93	8.511380382023743e+00,0.000000000000000e+00
	9.999992678511509e-01,-8.556566560938758e-04

 94	8.709635899560784e+00,0.000000000000000e+00
	9.999992333460651e-01,-8.755874297670038e-04

 95	8.912509381337431e+00,0.000000000000000e+00
	9.999991972148073e-01,-8.959824486366929e-04

 96	9.120108393559072e+00,0.000000000000000e+00
	9.999991593807385e-01,-9.168525262081878e-04

 97	9.332543007969884e+00,0.000000000000000e+00
	9.999991197636082e-01,-9.382087278545751e-04

 98	9.549925860214332e+00,0.000000000000000e+00
	9.999990782793833e-01,-9.600623766827475e-04

 99	9.772372209558078e+00,0.000000000000000e+00
	9.999990348400708e-01,-9.824250595359507e-04

 100	9.999999999999970e+00,0.000000000000000e+00
	9.999989893535308e-01,-1.005308633136083e-03

 101	1.023292992280751e+01,0.000000000000000e+00
	9.999989417232804e-01,-1.028725230369006e-03

 102	1.047128548050896e+01,0.000000000000000e+00
	9.999988918482906e-01,-1.052687266716183e-03

 103	1.071519305237603e+01,0.000000000000000e+00
	9.999988396227700e-01,-1.077207446836066e-03

 104	1.096478196143182e+01,0.000000000000000e+00
	9.999987849359425e-01,-1.102298771298694e-03

 105	1.122018454301960e+01,0.000000000000000e+00
	9.999987276718105e-01,-1.127974543477073e-03

 106	1.148153621496879e+01,0.000000000000000e+00
	9.999986677089102e-01,-1.154248376598999e-03

 107	1.174897554939526e+01,0.000000000000000e+00
	9.999986049200532e-01,-1.181134200963023e-03

 108	1.202264434617409e+01,0.000000000000000e+00
	9.999985391720569e-01,-1.208646271322403e-03

 109	1.230268770812378e+01,0.000000000000000e+00
	9.999984703254621e-01,-1.236799174440936e-03

 110	1.258925411794163e+01,0.000000000000000e+00
	9.999983982342376e-01,-1.265607836824666e-03

 111	1.288249551693130e+01,0.000000000000000e+00
	9.999983227454695e-01,-1.295087532633559e-03

 112	1.318256738556403e+01,0.000000000000000e+00
	9.999982436990378e-01,-1.325253891777318e-03

 113	1.348962882591649e+01,0.000000000000000e+00
	9.999981609272758e-01,-1.356122908199637e-03

 114	1.380384264602880e+01,0.000000000000000e+00
	9.999980742546153e-01,-1.387710948355254e-03

 115	1.412537544622749e+01,0.000000000000000e+00
	9.999979834972144e-01,-1.420034759884287e-03

 116	1.445439770745922e+01,0.000000000000000e+00
	9.999978884625668e-01,-1.453111480488445e-03

 117	1.479108388168202e+01,0.000000000000000e+00
	9.999977889490932e-01,-1.486958647013790e-03

 118	1.513561248436203e+01,0.000000000000000e+00
	9.999976847457156e-01,-1.521594204744861e-03

 119	1.548816618912476e+01,0.000000000000000e+00
	9.999975756314075e-01,-1.557036516915048e-03

 120	1.584893192461108e+01,0.000000000000000e+00
	9.999974613747258e-01,-1.593304374438270e-03

 121	1.621810097358924e+01,0.000000000000000e+00
	9.999973417333204e-01,-1.630417005867052e-03

 122	1.659586907437554e+01,0.000000000000000e+00
	9.999972164534204e-01,-1.668394087582297e-03

 123	1.698243652461738e+01,0.000000000000000e+00
	9.999970852692940e-01,-1.707255754220100e-03

 124	1.737800828749369e+01,0.000000000000000e+00
	9.999969479026871e-01,-1.747022609341121e-03

 125	1.778279410038916e+01,0.000000000000000e+00
	9.999968040622321e-01,-1.787715736348140e-03

 126	1.819700858609976e+01,0.000000000000000e+00
	9.999966534428294e-01,-1.829356709657543e-03

 127	1.862087136662860e+01,0.000000000000000e+00
	9.999964957250017e-01,-1.871967606130643e-03

 128	1.905460717963240e+01,0.000000000000000e+00
	9.999963305742151e-01,-1.915571016770845e-03

 129	1.949844599758038e+01,0.000000000000000e+00
	9.999961576401701e-01,-1.960190058692826e-03

 130	1.995262314968872e+01,0.000000000000000e+00
	9.999959765560589e-01,-2.005848387370036e-03

 131	2.041737944669521e+01,0.000000000000000e+00
	9.999957869377866e-01,-2.052570209166952e-03

 132	2.089296130854031e+01,0.000000000000000e+00
	9.999955883831575e-01,-2.100380294162714e-03

 133	2.137962089502224e+01,0.000000000000000e+00
	9.999953804710217e-01,-2.149303989272846e-03

 134	2.187761623949544e+01,0.000000000000000e+00
	9.999951627603813e-01,-2.199367231676008e-03

 135	2.238721138568331e+01,0.000000000000000e+00
	9.999949347894561e-01,-2.250596562552802e-03

 136	2.290867652767764e+01,0.000000000000000e+00
	9.999946960747038e-01,-2.303019141143876e-03

 137	2.344228815319913e+01,0.000000000000000e+00
	9.999944461097940e-01,-2.356662759134703e-03

 138	2.398832919019481e+01,0.000000000000000e+00
	9.999941843645347e-01,-2.411555855374585e-03

 139	2.454708915685020e+01,0.000000000000000e+00
	9.999939102837485e-01,-2.467727530937612e-03

 140	2.511886431509570e+01,0.000000000000000e+00
	9.999936232860934e-01,-2.525207564533475e-03

 141	2.570395782768853e+01,0.000000000000000e+00
	9.999933227628325e-01,-2.584026428276221e-03

 142	2.630267991895371e+01,0.000000000000000e+00
	9.999930080765400e-01,-2.644215303819195e-03

 143	2.691534803926904e+01,0.000000000000000e+00
	9.999926785597519e-01,-2.705806098864645e-03

 144	2.754228703338154e+01,0.000000000000000e+00
	9.999923335135488e-01,-2.768831464056608e-03

 145	2.818382931264442e+01,0.000000000000000e+00
	9.999919722060741e-01,-2.833324810265937e-03

 146	2.884031503126593e+01,0.000000000000000e+00
	9.999915938709826e-01,-2.899320326276489e-03

 147	2.951209226666373e+01,0.000000000000000e+00
	9.999911977058145e-01,-2.966852996881719e-03

 148	3.019951720402003e+01,0.000000000000000e+00
	9.999907828702937e-01,-3.035958621401133e-03

 149	3.090295432513577e+01,0.000000000000000e+00
	9.999903484845458e-01,-3.106673832626257e-03

 150	3.162277660168365e+01,0.000000000000000e+00
	9.999898936272331e-01,-3.179036116206003e-03

 151	3.235936569296268e+01,0.000000000000000e+00
	9.999894173335990e-01,-3.253083830481510e-03

 152	3.311311214825896e+01,0.000000000000000e+00
	9.999889185934239e-01,-3.328856226780827e-03

 153	3.388441561392010e+01,0.000000000000000e+00
	9.999883963488816e-01,-3.406393470183931e-03

 154	3.467368504525301e+01,0.000000000000000e+00
	9.999878494922969e-01,-3.485736660768931e-03

 155	3.548133892335738e+01,0.000000000000000e+00
	9.999872768637965e-01,-3.566927855350426e-03

 156	3.630780547700997e+01,0.000000000000000e+00
	9.999866772488494e-01,-3.650010089721344e-03

 157	3.715352290971708e+01,0.000000000000000e+00
	9.999860493756907e-01,-3.735027401409729e-03

 158	3.801893963205595e+01,0.000000000000000e+00
	9.999853919126271e-01,-3.822024852962294e-03

 159	3.890451449942788e+01,0.000000000000000e+00
	9.999847034652105e-01,-3.911048555766734e-03

 160	3.981071705534954e+01,0.000000000000000e+00
	9.999839825732827e-01,-4.002145694425125e-03

 161	4.073802778041109e+01,0.000000000000000e+00
	9.999832277078790e-01,-4.095364551690955e-03

 162	4.168693834703335e+01,0.000000000000000e+00
	9.999824372679864e-01,-4.190754533982625e-03

 163	4.265795188015907e+01,0.000000000000000e+00
	9.999816095771485e-01,-4.288366197486531e-03

 164	4.365158322401639e+01,0.000000000000000e+00
	9.999807428799120e-01,-4.388251274863135e-03

 165	4.466835921509610e+01,0.000000000000000e+00
	9.999798353381032e-01,-4.490462702569710e-03

 166	4.570881896148729e+01,0.000000000000000e+00
	9.999788850269323e-01,-4.595054648813711e-03

 167	4.677351412871960e+01,0.000000000000000e+00
	9.999778899309115e-01,-4.702082542151089e-03

 168	4.786300923226361e+01,0.000000000000000e+00
	9.999768479395831e-01,-4.811603100744098e-03

 169	4.897788193684438e+01,0.000000000000000e+00
	9.999757568430434e-01,-4.923674362293480e-03

 170	5.011872336272698e+01,0.000000000000000e+00
	9.999746143272602e-01,-5.038355714660270e-03

 171	5.128613839913623e+01,0.000000000000000e+00
	9.999734179691651e-01,-5.155707927192666e-03

 172	5.248074602497700e+01,0.000000000000000e+00
	9.999721652315182e-01,-5.275793182773880e-03

 173	5.370317963702501e+01,0.000000000000000e+00
	9.999708534575292e-01,-5.398675110607085e-03

 174	5.495408738576219e+01,0.000000000000000e+00
	9.999694798652252e-01,-5.524418819753978e-03

 175	5.623413251903463e+01,0.000000000000000e+00
	9.999680415415551e-01,-5.653090933443799e-03

 176	5.754399373371541e+01,0.000000000000000e+00
	9.999665354362135e-01,-5.784759624169969e-03

 177	5.888436553555861e+01,0.000000000000000e+00
	9.999649583551767e-01,-5.919494649591876e-03

 178	6.025595860743547e+01,0.000000000000000e+00
	9.999633069539319e-01,-6.057367389259678e-03

 179	6.165950018614791e+01,0.000000000000000e+00
	9.999615777303904e-01,-6.198450882180364e-03

 180	6.309573444801901e+01,0.000000000000000e+00
	9.999597670174640e-01,-6.342819865243610e-03

 181	6.456542290346522e+01,0.000000000000000e+00
	9.999578709752953e-01,-6.490550812526428e-03

 182	6.606934480075925e+01,0.000000000000000e+00
	9.999558855831184e-01,-6.641721975495859e-03

 183	6.760829753919782e+01,0.000000000000000e+00
	9.999538066307411e-01,-6.796413424129438e-03

 184	6.918309709189329e+01,0.000000000000000e+00
	9.999516297096216e-01,-6.954707088973402e-03

 185	7.079457843841342e+01,0.000000000000000e+00
	9.999493502035296e-01,-7.116686804159131e-03

 186	7.244359600749863e+01,0.000000000000000e+00
	9.999469632787643e-01,-7.282438351398535e-03

 187	7.413102413009136e+01,0.000000000000000e+00
	9.999444638739141e-01,-7.452049504979595e-03

 188	7.585775750291798e+01,0.000000000000000e+00
	9.999418466891341e-01,-7.625610077783580e-03

 189	7.762471166286876e+01,0.000000000000000e+00
	9.999391061749192e-01,-7.803211968345830e-03

 190	7.943282347242773e+01,0.000000000000000e+00
	9.999362365203487e-01,-7.984949208982430e-03

 191	8.128305161640949e+01,0.000000000000000e+00
	9.999332316407782e-01,-8.170918015005413e-03

 192	8.317637711026666e+01,0.000000000000000e+00
	9.999300851649531e-01,-8.361216835049493e-03

 193	8.511380382023719e+01,0.000000000000000e+00
	9.999267904215146e-01,-8.555946402533838e-03

 194	8.709635899560760e+01,0.000000000000000e+00
	9.999233404248726e-01,-8.755209788282521e-03

 195	8.912509381337408e+01,0.000000000000000e+00
	9.999197278604143e-01,-8.959112454327890e-03

 196	9.120108393559049e+01,0.000000000000000e+00
	9.999159450690157e-01,-9.167762308921306e-03

 197	9.332543007969861e+01,0.000000000000000e+00
	9.999119840308273e-01,-9.381269762776090e-03

 198	9.549925860214309e+01,0.000000000000000e+00
	9.999078363482955e-01,-9.599747786567910e-03

 199	9.772372209558054e+01,0.000000000000000e+00
	9.999034932283886e-01,-9.823311969718107e-03

 200	9.999999999999946e+01,0.000000000000000e+00
	9.998989454639841e-01,-1.005208058048581e-02

 201	1.023292992280749e+02,0.000000000000000e+00
	9.998941834143847e-01,-1.028617462739504e-02

 202	1.047128548050894e+02,0.000000000000000e+00
	9.998891969849177e-01,-1.052571792202320e-02

 203	1.071519305237600e+02,0.000000000000000e+00
	9.998839756055750e-01,-1.077083714317791e-02

 204	1.096478196143179e+02,0.000000000000000e+00
	9.998785082086519e-01,-1.102166190248888e-02

 205	1.122018454301957e+02,0.000000000000000e+00
	9.998727832053347e-01,-1.127832481144244e-02

 206	1.148153621496876e+02,0.000000000000000e+00
	9.998667884611900e-01,-1.154096154988605e-02

 207	1.174897554939523e+02,0.000000000000000e+00
	9.998605112705017e-01,-1.180971093603051e-02

 208	1.202264434617406e+02,0.000000000000000e+00
	9.998539383294061e-01,-1.208471499797788e-02

 209	1.230268770812374e+02,0.000000000000000e+00
	9.998470557077637e-01,-1.236611904680303e-02

 210	1.258925411794160e+02,0.000000000000000e+00
	9.998398488197143e-01,-1.265407175121705e-02

 211	1.288249551693126e+02,0.000000000000000e+00
	9.998323023928490e-01,-1.294872521384085e-02

 212	1.318256738556399e+02,0.000000000000000e+00
	9.998244004359363e-01,-1.325023504911702e-02

 213	1.348962882591645e+02,0.000000000000000e+00
	9.998161262051376e-01,-1.355876046288857e-02

 214	1.380384264602876e+02,0.000000000000000e+00
	9.998074621686371e-01,-1.387446433367261e-02

 215	1.412537544622746e+02,0.000000000000000e+00
	9.997983899696153e-01,-1.419751329565707e-02

 216	1.445439770745919e+02,0.000000000000000e+00
	9.997888903874873e-01,-1.452807782344873e-02

 217	1.479108388168198e+02,0.000000000000000e+00
	9.997789432973271e-01,-1.486633231860022e-02

 218	1.513561248436199e+02,0.000000000000000e+00
	9.997685276273913e-01,-1.521245519794344e-02

 219	1.548816618912472e+02,0.000000000000000e+00
	9.997576213146550e-01,-1.556662898375681e-02

 220	1.584893192461104e+02,0.000000000000000e+00
	9.997462012582680e-01,-1.592904039579292e-02

 221	1.621810097358920e+02,0.000000000000000e+00
	9.997342432708334e-01,-1.629988044519298e-02

 222	1.659586907437551e+02,0.000000000000000e+00
	9.997217220274092e-01,-1.667934453031360e-02

 223	1.698243652461734e+02,0.000000000000000e+00
	9.997086110121254e-01,-1.706763253449094e-02

 224	1.737800828749365e+02,0.000000000000000e+00
	9.996948824623084e-01,-1.746494892576632e-02

 225	1.778279410038912e+02,0.000000000000000e+00
	9.996805073099962e-01,-1.787150285859663e-02

 226	1.819700858609972e+02,0.000000000000000e+00
	9.996654551207217e-01,-1.828750827757145e-02

 227	1.862087136662855e+02,0.000000000000000e+00
	9.996496940294424e-01,-1.871318402315811e-02

 228	1.905460717963235e+02,0.000000000000000e+00
	9.996331906734827e-01,-1.914875393949428e-02

 229	1.949844599758032e+02,0.000000000000000e+00
	9.996159101223474e-01,-1.959444698424600e-02

 230	1.995262314968867e+02,0.000000000000000e+00
	9.995978158042694e-01,-2.005049734054802e-02

 231	2.041737944669516e+02,0.000000000000000e+00
	9.995788694293349e-01,-2.051714453104064e-02

 232	2.089296130854026e+02,0.000000000000000e+00
	9.995590309090333e-01,-2.099463353401597e-02

 233	2.137962089502218e+02,0.000000000000000e+00
	9.995382582720649e-01,-2.148321490168354e-02

 234	2.187761623949538e+02,0.000000000000000e+00
	9.995165075762362e-01,-2.198314488056349e-02

 235	2.238721138568325e+02,0.000000000000000e+00
	9.994937328162645e-01,-2.249468553401182e-02

 236	2.290867652767758e+02,0.000000000000000e+00
	9.994698858273012e-01,-2.301810486688020e-02

 237	2.344228815319906e+02,0.000000000000000e+00
	9.994449161839835e-01,-2.355367695230867e-02

 238	2.398832919019474e+02,0.000000000000000e+00
	9.994187710948073e-01,-2.410168206064645e-02

 239	2.454708915685014e+02,0.000000000000000e+00
	9.993913952916093e-01,-2.466240679049195e-02

 240	2.511886431509563e+02,0.000000000000000e+00
	9.993627309139359e-01,-2.523614420183864e-02

 241	2.570395782768846e+02,0.000000000000000e+00
	9.993327173880688e-01,-2.582319395130899e-02

 242	2.630267991895364e+02,0.000000000000000e+00
	9.993012913004624e-01,-2.642386242945322e-02

 243	2.691534803926897e+02,0.000000000000000e+00
	9.992683862653441e-01,-2.703846290008445e-02

 244	2.754228703338148e+02,0.000000000000000e+00
	9.992339327862112e-01,-2.766731564161532e-02

 245	2.818382931264435e+02,0.000000000000000e+00
	9.991978581109544e-01,-2.831074809035500e-02

 246	2.884031503126586e+02,0.000000000000000e+00
	9.991600860803160e-01,-2.896909498571816e-02

 247	2.951209226666365e+02,0.000000000000000e+00
	9.991205369693907e-01,-2.964269851728982e-02

 248	3.019951720401995e+02,0.000000000000000e+00
	9.990791273218548e-01,-3.033190847368162e-02

 249	3.090295432513569e+02,0.000000000000000e+00
	9.990357697765998e-01,-3.103708239310621e-02

 250	3.162277660168357e+02,0.000000000000000e+00
	9.989903728864372e-01,-3.175858571558655e-02

 251	3.235936569296260e+02,0.000000000000000e+00
	9.989428409285200e-01,-3.249679193670640e-02

 252	3.311311214825888e+02,0.000000000000000e+00
	9.988930737061160e-01,-3.325208276279695e-02

 253	3.388441561392002e+02,0.000000000000000e+00
	9.988409663413557e-01,-3.402484826744259e-02

 254	3.467368504525292e+02,0.000000000000000e+00
	9.987864090585556e-01,-3.481548704917509e-02

 255	3.548133892335729e+02,0.000000000000000e+00
	9.987292869577094e-01,-3.562440639021180e-02

 256	3.630780547700987e+02,0.000000000000000e+00
	9.986694797777158e-01,-3.645202241607777e-02

 257	3.715352290971698e+02,0.000000000000000e+00
	9.986068616489049e-01,-3.729876025593577e-02

 258	3.801893963205584e+02,0.000000000000000e+00
	9.985413008343936e-01,-3.816505420342980e-02

 259	3.890451449942777e+02,0.000000000000000e+00
	9.984726594597989e-01,-3.905134787782945e-02

 260	3.981071705534943e+02,0.000000000000000e+00
	9.984007932308094e-01,-3.995809438524161e-02

 261	4.073802778041097e+02,0.000000000000000e+00
	9.983255511380968e-01,-4.088575647963413e-02

 262	4.168693834703323e+02,0.000000000000000e+00
	9.982467751490383e-01,-4.183480672339288e-02

 263	4.265795188015895e+02,0.000000000000000e+00
	9.981642998856918e-01,-4.280572764710786e-02

 264	4.365158322401627e+02,0.000000000000000e+00
	9.980779522884549e-01,-4.379901190825793e-02

 265	4.466835921509598e+02,0.000000000000000e+00
	9.979875512648086e-01,-4.481516244843350e-02

 266	4.570881896148716e+02,0.000000000000000e+00
	9.978929073225412e-01,-4.585469264870692e-02

 267	4.677351412871947e+02,0.000000000000000e+00
	9.977938221868075e-01,-4.691812648272587e-02

 268	4.786300923226348e+02,0.000000000000000e+00
	9.976900884003792e-01,-4.800599866707057e-02

 269	4.897788193684425e+02,0.000000000000000e+00
	9.975814889064037e-01,-4.911885480837670e-02

 270	5.011872336272685e+02,0.000000000000000e+00
	9.974677966129799e-01,-5.025725154668639e-02

 271	5.128613839913610e+02,0.000000000000000e+00
	9.973487739388298e-01,-5.142175669444501e-02

 272	5.248074602497686e+02,0.000000000000000e+00
	9.972241723393338e-01,-5.261294937051657e-02

 273	5.370317963702487e+02,0.000000000000000e+00
	9.970937318121651e-01,-5.383142012853961e-02

 274	5.495408738576203e+02,0.000000000000000e+00
	9.969571803817517e-01,-5.507777107889438e-02

 275	5.623413251903447e+02,0.000000000000000e+00
	9.968142335617638e-01,-5.635261600349402e-02

 276	5.754399373371524e+02,0.000000000000000e+00
	9.966645937948113e-01,-5.765658046255431e-02

 277	5.888436553555844e+02,0.000000000000000e+00
	9.965079498685190e-01,-5.899030189243143e-02

 278	6.025595860743530e+02,0.000000000000000e+00
	9.963439763071236e-01,-6.035442969354986e-02

 279	6.165950018614773e+02,0.000000000000000e+00
	9.961723327377286e-01,-6.174962530737012e-02

 280	6.309573444801882e+02,0.000000000000000e+00
	9.959926632303353e-01,-6.317656228126936e-02

 281	6.456542290346504e+02,0.000000000000000e+00
	9.958045956107501e-01,-6.463592632012560e-02

 282	6.606934480075907e+02,0.000000000000000e+00
	9.956077407454687e-01,-6.612841532331074e-02

 283	6.760829753919763e+02,0.000000000000000e+00
	9.954016917976223e-01,-6.765473940570442e-02

 284	6.918309709189309e+02,0.000000000000000e+00
	9.951860234530610e-01,-6.921562090124406e-02

 285	7.079457843841321e+02,0.000000000000000e+00
	9.949602911156595e-01,-7.081179434742259e-02

 286	7.244359600749841e+02,0.000000000000000e+00
	9.947240300709195e-01,-7.244400644903676e-02

 287	7.413102413009113e+02,0.000000000000000e+00
	9.944767546169510e-01,-7.411301601937166e-02

 288	7.585775750291774e+02,0.000000000000000e+00
	9.942179571619297e-01,-7.581959389688751e-02

 289	7.762471166286851e+02,0.000000000000000e+00
	9.939471072871321e-01,-7.756452283534242e-02

 290	7.943282347242747e+02,0.000000000000000e+00
	9.936636507746778e-01,-7.934859736515178e-02

 291	8.128305161640923e+02,0.000000000000000e+00
	9.933670085991310e-01,-8.117262362363956e-02

 292	8.317637711026639e+02,0.000000000000000e+00
	9.930565758821468e-01,-8.303741915168655e-02

 293	8.511380382023692e+02,0.000000000000000e+00
	9.927317208093888e-01,-8.494381265412225e-02

 294	8.709635899560732e+02,0.000000000000000e+00
	9.923917835089945e-01,-8.689264372104005e-02

 295	8.912509381337379e+02,0.000000000000000e+00
	9.920360748909238e-01,-8.888476250704107e-02

 296	9.120108393559019e+02,0.000000000000000e+00
	9.916638754465972e-01,-9.092102936522947e-02

 297	9.332543007969830e+02,0.000000000000000e+00
	9.912744340083061e-01,-9.300231443259083e-02

 298	9.549925860214277e+02,0.000000000000000e+00
	9.908669664679823e-01,-9.512949716318579e-02

 299	9.772372209558022e+02,0.000000000000000e+00
	9.904406544550119e-01,-9.730346580538472e-02

 300	9.999999999999912e+02,0.000000000000000e+00
	9.899946439729054e-01,-9.952511681915184e-02

 301	1.023292992280745e+03,0.000000000000000e+00
	9.895280439947837e-01,-1.017953542291655e-01

 302	1.047128548050890e+03,0.000000000000000e+00
	9.890399250177869e-01,-1.041150889093284e-01

 303	1.071519305237597e+03,0.000000000000000e+00
	9.885293175767024e-01,-1.064852377939845e-01

 304	1.096478196143175e+03,0.000000000000000e+00
	9.879952107173025e-01,-1.089067230109118e-01

 305	1.122018454301953e+03,0.000000000000000e+00
	9.874365504301135e-01,-1.113804709309106e-01

 306	1.148153621496872e+03,0.000000000000000e+00
	9.868522380455818e-01,-1.139074111285484e-01

 307	1.174897554939519e+03,0.000000000000000e+00
	9.862411285918872e-01,-1.164884752483600e-01

 308	1.202264434617402e+03,0.000000000000000e+00
	9.856020291169570e-01,-1.191245957705380e-01

 309	1.230268770812370e+03,0.000000000000000e+00
	9.849336969765777e-01,-1.218167046698797e-01

 310	1.258925411794156e+03,0.000000000000000e+00
	9.842348380908771e-01,-1.245657319614910e-01

 311	1.288249551693122e+03,0.000000000000000e+00
	9.835041051718588e-01,-1.273726041264765e-01

 312	1.318256738556395e+03,0.000000000000000e+00
	9.827400959251269e-01,-1.302382424105887e-01

 313	1.348962882591641e+03,0.000000000000000e+00
	9.819413512294310e-01,-1.331635609885459e-01

 314	1.380384264602872e+03,0.000000000000000e+00
	9.811063532982017e-01,-1.361494649864843e-01

 315	1.412537544622741e+03,0.000000000000000e+00
	9.802335238278342e-01,-1.391968483547703e-01

 316	1.445439770745914e+03,0.000000000000000e+00
	9.793212221381163e-01,-1.423065915831815e-01

 317	1.479108388168193e+03,0.000000000000000e+00
	9.783677433108865e-01,-1.454795592502596e-01

 318	1.513561248436194e+03,0.000000000000000e+00
	9.773713163337550e-01,-1.487165973984682e-01

 319	1.548816618912467e+03,0.000000000000000e+00
	9.763301022565295e-01,-1.520185307266325e-01

 320	1.584893192461099e+03,0.000000000000000e+00
	9.752421923688478e-01,-1.553861595910365e-01

 321	1.621810097358915e+03,0.000000000000000e+00
	9.741056064084518e-01,-1.588202568064735e-01

 322	1.659586907437545e+03,0.000000000000000e+00
	9.729182908105337e-01,-1.623215642385309e-01

 323	1.698243652461728e+03,0.000000000000000e+00
	9.716781170096406e-01,-1.658907891784221e-01

 324	1.737800828749359e+03,0.000000000000000e+00
	9.703828798067573e-01,-1.695286004917803e-01

 325	1.778279410038906e+03,0.000000000000000e+00
	9.690302958153790e-01,-1.732356245329988e-01

 326	1.819700858609966e+03,0.000000000000000e+00
	9.676180020016547e-01,-1.770124408169673e-01

 327	1.862087136662849e+03,0.000000000000000e+00
	9.661435543350134e-01,-1.808595774404009e-01

 328	1.905460717963228e+03,0.000000000000000e+00
	9.646044265670782e-01,-1.847775062454204e-01

 329	1.949844599758026e+03,0.000000000000000e+00
	9.629980091581456e-01,-1.887666377186229e-01

 330	1.995262314968860e+03,0.000000000000000e+00
	9.613216083720150e-01,-1.928273156195910e-01

 331	2.041737944669509e+03,0.000000000000000e+00
	9.595724455615395e-01,-1.969598113336468e-01

 332	2.089296130854019e+03,0.000000000000000e+00
	9.577476566688828e-01,-2.011643179446757e-01

 333	2.137962089502211e+03,0.000000000000000e+00
	9.558442919661274e-01,-2.054409440250407e-01

 334	2.187761623949531e+03,0.000000000000000e+00
	9.538593160635752e-01,-2.097897071409933e-01

 335	2.238721138568317e+03,0.000000000000000e+00
	9.517896082147724e-01,-2.142105270735835e-01

 336	2.290867652767750e+03,0.000000000000000e+00
	9.496319629490045e-01,-2.187032187568919e-01

 337	2.344228815319898e+03,0.000000000000000e+00
	9.473830910636852e-01,-2.232674849374674e-01

 338	2.398832919019466e+03,0.000000000000000e+00
	9.450396210107117e-01,-2.279029085611723e-01

 339	2.454708915685005e+03,0.000000000000000e+00
	9.425981007124435e-01,-2.326089448962306e-01

 340	2.511886431509554e+03,0.000000000000000e+00
	9.400549998444558e-01,-2.373849134041505e-01

 341	2.570395782768837e+03,0.000000000000000e+00
	9.374067126235885e-01,-2.422299893733752e-01

 342	2.630267991895354e+03,0.000000000000000e+00
	9.346495611410380e-01,-2.471431953340066e-01

 343	2.691534803926887e+03,0.000000000000000e+00
	9.317797992812576e-01,-2.521233922757603e-01

 344	2.754228703338138e+03,0.000000000000000e+00
	9.287936172682267e-01,-2.571692706954496e-01

 345	2.818382931264424e+03,0.000000000000000e+00
	9.256871468811614e-01,-2.622793415047713e-01

 346	2.884031503126575e+03,0.000000000000000e+00
	9.224564673819098e-01,-2.674519268339589e-01

 347	2.951209226666354e+03,0.000000000000000e+00
	9.190976121960799e-01,-2.726851507719926e-01

 348	3.019951720401984e+03,0.000000000000000e+00
	9.156065763892903e-01,-2.779769300894823e-01

 349	3.090295432513557e+03,0.000000000000000e+00
	9.119793249787960e-01,-2.833249649960547e-01

 350	3.162277660168345e+03,0.000000000000000e+00
	9.082118021190151e-01,-2.887267299900480e-01

 351	3.235936569296248e+03,0.000000000000000e+00
	9.042999411971558e-01,-2.941794648645217e-01

 352	3.311311214825875e+03,0.000000000000000e+00
	9.002396758720950e-01,-2.996801659399574e-01

 353	3.388441561391989e+03,0.000000000000000e+00
	8.960269520858720e-01,-3.052255776005254e-01

 354	3.467368504525279e+03,0.000000000000000e+00
	8.916577410725459e-01,-3.108121842173350e-01

 355	3.548133892335716e+03,0.000000000000000e+00
	8.871280533836593e-01,-3.164362025486002e-01

 356	3.630780547700973e+03,0.000000000000000e+00
	8.824339539431205e-01,-3.220935747130500e-01

 357	3.715352290971684e+03,0.000000000000000e+00
	8.775715781368875e-01,-3.277799618390670e-01

 358	3.801893963205570e+03,0.000000000000000e+00
	8.725371489343822e-01,-3.334907384978510e-01

 359	3.890451449942763e+03,0.000000000000000e+00
	8.673269950290595e-01,-3.392209880342330e-01

 360	3.981071705534928e+03,0.000000000000000e+00
	8.619375699749749e-01,-3.449654989134567e-01

 361	4.073802778041082e+03,0.000000000000000e+00
	8.563654722845437e-01,-3.507187622061501e-01

 362	4.168693834703307e+03,0.000000000000000e+00
	8.506074664400006e-01,-3.564749703366619e-01

 363	4.265795188015879e+03,0.000000000000000e+00
	8.446605047573685e-01,-3.622280172217439e-01

 364	4.365158322401610e+03,0.000000000000000e+00
	8.385217500271270e-01,-3.679714999270614e-01

 365	4.466835921509581e+03,0.000000000000000e+00
	8.321885988403100e-01,-3.736987219679931e-01

 366	4.570881896148699e+03,0.000000000000000e+00
	8.256587054926092e-01,-3.794026983784881e-01

 367	4.677351412871929e+03,0.000000000000000e+00
	8.189300063423512e-01,-3.850761626671634e-01

 368	4.786300923226329e+03,0.000000000000000e+00
	8.120007444811757e-01,-3.907115757732194e-01

 369	4.897788193684407e+03,0.000000000000000e+00
	8.048694945590641e-01,-3.963011371259245e-01

 370	5.011872336272666e+03,0.000000000000000e+00
	7.975351875883608e-01,-4.018367979002905e-01

 371	5.128613839913590e+03,0.000000000000000e+00
	7.899971355348396e-01,-4.073102765479750e-01

 372	5.248074602497666e+03,0.000000000000000e+00
	7.822550554880738e-01,-4.127130766663741e-01

 373	5.370317963702466e+03,0.000000000000000e+00
	7.743090931886899e-01,-4.180365072502625e-01

 374	5.495408738576182e+03,0.000000000000000e+00
	7.661598456769138e-01,-4.232717053492254e-01

 375	5.623413251903426e+03,0.000000000000000e+00
	7.578083828155632e-01,-4.284096611305866e-01

 376	5.754399373371502e+03,0.000000000000000e+00
	7.492562674316748e-01,-4.334412453217038e-01

 377	5.888436553555821e+03,0.000000000000000e+00
	7.405055738147157e-01,-4.383572389775882e-01

 378	6.025595860743507e+03,0.000000000000000e+00
	7.315589043061838e-01,-4.431483654900688e-01

 379	6.165950018614749e+03,0.000000000000000e+00
	7.224194037157373e-01,-4.478053247235185e-01

 380	6.309573444801857e+03,0.000000000000000e+00
	7.130907713031343e-01,-4.523188291298907e-01

 381	6.456542290346478e+03,0.000000000000000e+00
	7.035772700735020e-01,-4.566796416629720e-01

 382	6.606934480075881e+03,0.000000000000000e+00
	6.938837331460184e-01,-4.608786152788645e-01

 383	6.760829753919737e+03,0.000000000000000e+00
	6.840155669731264e-01,-4.649067337773877e-01

 384	6.918309709189281e+03,0.000000000000000e+00
	6.739787512089787e-01,-4.687551537079505e-01

 385	7.079457843841294e+03,0.000000000000000e+00
	6.637798350519007e-01,-4.724152470341872e-01

 386	7.244359600749813e+03,0.000000000000000e+00
	6.534259299161337e-01,-4.758786442249427e-01

 387	7.413102413009085e+03,0.000000000000000e+00
	6.429246983227062e-01,-4.791372774157355e-01

 388	7.585775750291745e+03,0.000000000000000e+00
	6.322843389376631e-01,-4.821834232652813e-01

 389	7.762471166286822e+03,0.000000000000000e+00
	6.215135677275333e-01,-4.850097451166587e-01

 390	7.943282347242717e+03,0.000000000000000e+00
	6.106215952462962e-01,-4.876093340627973e-01

 391	8.128305161640892e+03,0.000000000000000e+00
	5.996181001145046e-01,-4.899757485116754e-01

 392	8.317637711026608e+03,0.000000000000000e+00
	5.885131987988643e-01,-4.921030518482818e-01

 393	8.511380382023659e+03,0.000000000000000e+00
	5.773174118486198e-01,-4.939858477983260e-01

 394	8.709635899560699e+03,0.000000000000000e+00
	5.660416267926266e-01,-4.956193131129814e-01

 395	8.912509381337344e+03,0.000000000000000e+00
	5.546970579470943e-01,-4.969992272146228e-01

 396	9.120108393558983e+03,0.000000000000000e+00
	5.432952034276892e-01,-4.981219984704099e-01

 397	9.332543007969793e+03,0.000000000000000e+00
	5.318477997000937e-01,-4.989846867933551e-01

 398	9.549925860214238e+03,0.000000000000000e+00
	5.203667740393334e-01,-4.995850223087465e-01

 399	9.772372209557981e+03,0.000000000000000e+00
	5.088641952994128e-01,-4.999214198668566e-01

 400	9.999999999999871e+03,0.000000000000000e+00
	4.973522234203351e-01,-4.999929892300334e-01

 401	1.023292992280741e+04,0.000000000000000e+00
	4.858430581188283e-01,-4.997995408126873e-01

 402	1.047128548050886e+04,0.000000000000000e+00
	4.743488872216294e-01,-4.993415869054282e-01

 403	1.071519305237592e+04,0.000000000000000e+00
	4.628818351056764e-01,-4.986203383686608e-01

 404	1.096478196143171e+04,0.000000000000000e+00
	4.514539117079125e-01,-4.976376968352949e-01

 405	1.122018454301949e+04,0.000000000000000e+00
	4.400769625586498e-01,-4.963962425157976e-01

 406	1.148153621496868e+04,0.000000000000000e+00
	4.287626202767745e-01,-4.948992177506133e-01

 407	1.174897554939514e+04,0.000000000000000e+00
	4.175222579428695e-01,-4.931505065040058e-01

 408	1.202264434617397e+04,0.000000000000000e+00
	4.063669447381002e-01,-4.911546100387555e-01

 409	1.230268770812365e+04,0.000000000000000e+00
	3.953074042030884e-01,-4.889166190520675e-01

 410	1.258925411794151e+04,0.000000000000000e+00
	3.843539754327541e-01,-4.864421825888375e-01

 411	1.288249551693117e+04,0.000000000000000e+00
	3.735165774810665e-01,-4.837374740785512e-01

 412	1.318256738556390e+04,0.000000000000000e+00
	3.628046772047219e-01,-4.808091548661479e-01

 413	1.348962882591636e+04,0.000000000000000e+00
	3.522272607278875e-01,-4.776643356249410e-01

 414	1.380384264602866e+04,0.000000000000000e+00
	3.417928086622667e-01,-4.743105360510410e-01

 415	1.412537544622735e+04,0.000000000000000e+00
	3.315092751687708e-01,-4.707556432437607e-01

 416	1.445439770745908e+04,0.000000000000000e+00
	3.213840708999074e-01,-4.670078691753606e-01

 417	1.479108388168187e+04,0.000000000000000e+00
	3.114240498164382e-01,-4.630757076465649e-01

 418	1.513561248436188e+04,0.000000000000000e+00
	3.016354998286561e-01,-4.589678911119741e-01

 419	1.548816618912460e+04,0.000000000000000e+00
	2.920241371724124e-01,-4.546933477423223e-01

 420	1.584893192461092e+04,0.000000000000000e+00
	2.825951043933460e-01,-4.502611590691116e-01

 421	1.621810097358908e+04,0.000000000000000e+00
	2.733529717800223e-01,-4.456805185321124e-01

 422	1.659586907437538e+04,0.000000000000000e+00
	2.643017420582212e-01,-4.409606912222571e-01

 423	1.698243652461721e+04,0.000000000000000e+00
	2.554448581345780e-01,-4.361109750822413e-01

 424	1.737800828749351e+04,0.000000000000000e+00
	2.467852136583008e-01,-4.311406637953877e-01

 425	1.778279410038898e+04,0.000000000000000e+00
	2.383251661547183e-01,-4.260590115606572e-01

 426	1.819700858609958e+04,0.000000000000000e+00
	2.300665524738657e-01,-4.208751999187594e-01

 427	1.862087136662842e+04,0.000000000000000e+00
	2.220107062909892e-01,-4.155983067616678e-01

 428	1.905460717963221e+04,0.000000000000000e+00
	2.141584773935034e-01,-4.102372776260096e-01

 429	1.949844599758018e+04,0.000000000000000e+00
	2.065102524902428e-01,-4.048008993402299e-01

 430	1.995262314968852e+04,0.000000000000000e+00
	1.990659772834626e-01,-3.992977760664872e-01

 431	2.041737944669501e+04,0.000000000000000e+00
	1.918251795515921e-01,-3.937363077512557e-01

 432	2.089296130854010e+04,0.000000000000000e+00
	1.847869930008056e-01,-3.881246709738069e-01

 433	2.137962089502202e+04,0.000000000000000e+00
	1.779501816556686e-01,-3.824708021593062e-01

 434	2.187761623949522e+04,0.000000000000000e+00
	1.713131645730255e-01,-3.767823831032988e-01

 435	2.238721138568308e+04,0.000000000000000e+00
	1.648740406785346e-01,-3.710668287369103e-01

 436	2.290867652767740e+04,0.000000000000000e+00
	1.586306135414585e-01,-3.653312770471739e-01

 437	2.344228815319889e+04,0.000000000000000e+00
	1.525804159201376e-01,-3.595825810544435e-01

 438	2.398832919019456e+04,0.000000000000000e+00
	1.467207339276969e-01,-3.538273027388006e-01

 439	2.454708915684995e+04,0.000000000000000e+00
	1.410486306846808e-01,-3.480717087995768e-01

 440	2.511886431509544e+04,0.000000000000000e+00
	1.355609693422254e-01,-3.423217681264538e-01

 441	2.570395782768826e+04,0.000000000000000e+00
	1.302544353758498e-01,-3.365831508569144e-01

 442	2.630267991895344e+04,0.000000000000000e+00
	1.251255580658084e-01,-3.308612288929128e-01

 443	2.691534803926876e+04,0.000000000000000e+00
	1.201707310950247e-01,-3.251610777493395e-01

 444	2.754228703338126e+04,0.000000000000000e+00
	1.153862322098391e-01,-3.194874796079748e-01

 445	2.818382931264412e+04,0.000000000000000e+00
	1.107682419020398e-01,-3.138449274529876e-01

 446	2.884031503126564e+04,0.000000000000000e+00
	1.063128610828639e-01,-3.082376301674401e-01

 447	2.951209226666342e+04,0.000000000000000e+00
	1.020161277308082e-01,-3.026695184745561e-01

 448	3.019951720401971e+04,0.000000000000000e+00
	9.787403250518140e-02,-2.971442516125057e-01

 449	3.090295432513544e+04,0.000000000000000e+00
	9.388253332634360e-02,-2.916652246370341e-01

 450	3.162277660168332e+04,0.000000000000000e+00
	9.003756893155897e-02,-2.862355762522432e-01

 451	3.235936569296234e+04,0.000000000000000e+00
	8.633507142235142e-02,-2.808581970761204e-01

 452	3.311311214825861e+04,0.000000000000000e+00
	8.277097782525226e-02,-2.755357382538676e-01

 453	3.388441561391974e+04,0.000000000000000e+00
	7.934124069291625e-02,-2.702706203386246e-01

 454	3.467368504525264e+04,0.000000000000000e+00
	7.604183777681145e-02,-2.650650423657117e-01

 455	3.548133892335701e+04,0.000000000000000e+00
	7.286878080612584e-02,-2.599209910529633e-01

 456	3.630780547700958e+04,0.000000000000000e+00
	6.981812341024186e-02,-2.548402500660249e-01

 457	3.715352290971669e+04,0.000000000000000e+00
	6.688596822417410e-02,-2.498244092935854e-01

 458	3.801893963205554e+04,0.000000000000000e+00
	6.406847321781128e-02,-2.448748740833773e-01

 459	3.890451449942747e+04,0.000000000000000e+00
	6.136185729071440e-02,-2.399928743953628e-01

 460	3.981071705534912e+04,0.000000000000000e+00
	5.876240517465892e-02,-2.351794738338109e-01

 461	4.073802778041065e+04,0.000000000000000e+00
	5.626647168613232e-02,-2.304355785249448e-01

 462	4.168693834703290e+04,0.000000000000000e+00
	5.387048537065987e-02,-2.257619458114883e-01

 463	4.265795188015862e+04,0.000000000000000e+00
	5.157095158018654e-02,-2.211591927397561e-01

 464	4.365158322401593e+04,0.000000000000000e+00
	4.936445502383879e-02,-2.166278043189244e-01

 465	4.466835921509562e+04,0.000000000000000e+00
	4.724766183127053e-02,-2.121681415357839e-01

 466	4.570881896148680e+04,0.000000000000000e+00
	4.521732116650191e-02,-2.077804491116219e-01

 467	4.677351412871909e+04,0.000000000000000e+00
	4.327026642872744e-02,-2.034648629909213e-01

 468	4.786300923226309e+04,0.000000000000000e+00
	4.140341607503089e-02,-1.992214175543101e-01

 469	4.897788193684386e+04,0.000000000000000e+00
	3.961377409832765e-02,-1.950500525506577e-01

 470	5.011872336272644e+04,0.000000000000000e+00
	3.789843019218998e-02,-1.909506197454140e-01

 471	5.128613839913568e+04,0.000000000000000e+00
	3.625455963251360e-02,-1.869228892842343e-01

 472	5.248074602497643e+04,0.000000000000000e+00
	3.467942290427962e-02,-1.829665557726486e-01

 473	5.370317963702443e+04,0.000000000000000e+00
	3.317036509996805e-02,-1.790812440740316e-01

 474	5.495408738576159e+04,0.000000000000000e+00
	3.172481511450249e-02,-1.752665148294252e-01

 475	5.623413251903402e+04,0.000000000000000e+00
	3.034028465996216e-02,-1.715218697038795e-01

 476	5.754399373371479e+04,0.000000000000000e+00
	2.901436712169646e-02,-1.678467563649172e-01

 477	5.888436553555797e+04,0.000000000000000e+00
	2.774473627592726e-02,-1.642405731995188e-01

 478	6.025595860743483e+04,0.000000000000000e+00
	2.652914488742964e-02,-1.607026737766719e-01

 479	6.165950018614724e+04,0.000000000000000e+00
	2.536542320444988e-02,-1.572323710630512e-01

 480	6.309573444801832e+04,0.000000000000000e+00
	2.425147736665035e-02,-1.538289413998068e-01

 481	6.456542290346453e+04,0.000000000000000e+00
	2.318528774057052e-02,-1.504916282487417e-01

 482	6.606934480075855e+04,0.000000000000000e+00
	2.216490719585883e-02,-1.472196457163846e-01

 483	6.760829753919710e+04,0.000000000000000e+00
	2.118845933436562e-02,-1.440121818645963e-01

 484	6.918309709189254e+04,0.000000000000000e+00
	2.025413668308985e-02,-1.408684018164207e-01

 485	7.079457843841266e+04,0.000000000000000e+00
	1.936019886094275e-02,-1.377874506658988e-01

 486	7.244359600749785e+04,0.000000000000000e+00
	1.850497072832702e-02,-1.347684562005174e-01

 487	7.413102413009056e+04,0.000000000000000e+00
	1.768684052763098e-02,-1.318105314448779e-01

 488	7.585775750291716e+04,0.000000000000000e+00
	1.690425802189818e-02,-1.289127770340368e-01

 489	7.762471166286792e+04,0.000000000000000e+00
	1.615573263815586e-02,-1.260742834248138e-01

 490	7.943282347242687e+04,0.000000000000000e+00
	1.543983162116370e-02,-1.232941329531694e-01

 491	8.128305161640861e+04,0.000000000000000e+00
	1.475517820267902e-02,-1.205714017455475e-01

 492	8.317637711026576e+04,0.000000000000000e+00
	1.410044979071927e-02,-1.179051614918476e-01

 493	8.511380382023628e+04,0.000000000000000e+00
	1.347437618273870e-02,-1.152944810874516e-01

 494	8.709635899560666e+04,0.000000000000000e+00
	1.287573780611656e-02,-1.127384281514724e-01

 495	8.912509381337311e+04,0.000000000000000e+00
	1.230336398888024e-02,-1.102360704281378e-01

 496	9.120108393558950e+04,0.000000000000000e+00
	1.175613126315275e-02,-1.077864770779539e-01

 497	9.332543007969759e+04,0.000000000000000e+00
	1.123296170341900e-02,-1.053887198650241e-01

 498	9.549925860214204e+04,0.000000000000000e+00
	1.073282130134643e-02,-1.030418742466372e-01

 499	9.772372209557948e+04,0.000000000000000e+00
	1.025471837856991e-02,-1.007450203709649e-01

 500	9.999999999999837e+04,0.000000000000000e+00
	9.797702038556594e-03,-9.849724398845004e-02

